[audio]

master=0.6500000023477852
sfx=0.11000000574106555
music=0.4399999915948245
