[audio]

master=0.0
sfx=0.11000000574106555
music=0.4399999915948245
